0000015393,0
0000230022,1
000100039X,2
0002051850,3
0007108001,4
0007116055,5
0007157169,6
0007160003,7
0020681402,8
0026009102,9
0028641671,10
0029184657,11
0030565812,12
0060099275,13
0060155221,14
0060194995,15
0060277270,16
006051485X,17
0060516402,18
0060527986,19
0060548789,20
0060589280,21
0060594454,22
0060614803,23
0060616342,24
0060616601,25
0060652942,26
006066326X,27
0060670630,28
0060675187,29
0060675209,30
0060675233,31
0060675578,32
0060723238,33
0060738170,34
0060755598,35
0060762055,36
0060778415,37
0060778423,38
0000038504,39
0007281447,40
0060168579,41
0060391502,42
0060391685,43
0060391901,44
0060393556,45
0060544880,46
0060594896,47
0060763280,48
002729210X,49
0027669157,50
0027888452,51
0060000910,52
0060393742,53
0060527463,54
0060688556,55
0000401048,56
0020163908,57
0020259905,58
0060510862,59
0060741872,60
000077135X,61
0007205236,62
0007228023,63
0007261837,64
0007386648,65
0028631803,66
0029109752,67
0029146739,68
0029303303,69
0060006927,70
006017448X,71
0060197765,72
006050532X,73
0060520744,74
0060521996,75
0060536608,76
0060541717,77
0060554738,78
0060555661,79
0060560053,80
006057464X,81
0060575115,82
0060578629,83
0060580461,84
0060584696,85
006059019X,86
0060598999,87
0060599316,88
0060721545,89
0060723467,90
006073132X,91
0060734795,92
0060734973,93
0060736712,94
0060742690,95
0060744871,96
0060745819,97
0060746408,98
0060746882,99
0060747692,100
0060753943,101
0060756632,102
0060761288,103
0060761407,104
0060765313,105
006076533X,106
0007136838,107
0020199856,108
0020519001,109
0020519109,110
0028642627,111
0028644530,112
006000942X,113
0060094834,114
0060098902,115
0060149000,116
0060175400,117
0060185260,118
0060190361,119
0060191988,120
0060192925,121
0060254920,122
0060256656,123
0060508205,124
0060566493,125
0060573775,126
0060652926,127
006072644X,128
0060755334,129
0002007770,130
0006551807,131
0007172826,132
006000438X,133
0060392452,134
0060516054,135
0060577304,136
0060177470,137
0060745045,138
0030615526,139
0002247399,140
0028636945,141
006052569X,142
0060740450,143
0060011939,144
006016848X,145
0028643712,146
0007248075,147
0060540591,148
0007167040,149
0023582901,150
0060652934,151
0006481965,152
0028639677,153
0060523166,154
0060761784,155
0006511252,156
0007124015,157
000712774X,158
0007149824,159
0007157150,160
0007157177,161
0060515198,162
0060530928,163
0060537639,164
0060558121,165
0060591854,166
0007173687,167
0060282983,168
0060609176,169
0060723513,170
0006003133,171
0020931808,172
006026683X,173
0060611553,174
0060628626,175
0060629150,176
006064334X,177
0060653388,178
0060655275,179
0060669357,180
0060670185,181
0060671327,182
0060692014,183
0007114893,184
000719739X,185
0060510609,186
000222383X,187
0002226618,188
0006499163,189
000712032X,190
0007133235,191
0007337701,192
0007447868,193
000779021X,194
0029123704,195
0030554624,196
0060010800,197
0060011602,198
0060014342,199
0060137290,200
0060188707,201
0060190523,202
0060194480,203
006019491X,204
0060199237,205
0060272376,206
0060280778,207
0060296410,208
0060391103,209
0060529709,210
0060557559,211
0060575913,212
0060577339,213
0060577363,214
0060585560,215
0060586621,216
0060686618,217
0060731427,218
0060734787,219
0006164811,220
0006165699,221
0006166598,222
0006514952,223
0006530699,224
0006550436,225
0007107927,226
0007158505,227
0007169914,228
0007175175,229
0007230206,230
0007233450,231
0007410956,232
000766141X,233
0020436203,234
0026885514,235
0027379108,236
0027888304,237
0028610105,238
0028639413,239
0029152917,240
0029183316,241
0029216052,242
0048230782,243
0060002522,244
0060004878,245
0060009292,246
0060011327,247
0060080957,248
0060083956,249
0060084103,250
0060086122,251
0060088613,252
0060088877,253
0060099682,254
0060155477,255
0060167254,256
0060175869,257
0060175966,258
0060177950,259
0060185074,260
0060186399,261
0060188219,262
0060191341,263
0060193395,264
0060193611,265
006019376X,266
0060194391,267
0060195304,268
0060195339,269
0060195460,270
0060195576,271
0060195649,272
0060195746,273
0060196203,274
0060196211,275
0060196378,276
0060196998,277
0060197536,278
0060197714,279
0060198303,280
0060198338,281
0060198516,282
0060199202,283
0060244054,284
0060245867,285
0060254408,286
0060266864,287
0060278676,288
006027980X,289
0060282398,290
0060283246,291
0060283262,292
0060283289,293
0060284153,294
0060284625,295
0060287616,296
0060293233,297
006039367X,298
0060393831,299
0060393939,300
0060514930,301
0060514957,302
0060515120,303
0060520841,304
0060523034,305
0060523654,306
0060524308,307
0060527315,308
0060527331,309
0060528524,310
0060528877,311
0060528885,312
0060530464,313
0060530480,314
0060530677,315
0060531061,316
0060536357,317
0060540346,318
0060542705,319
0060545607,320
0060545623,321
0060545739,322
0060558016,323
0060560959,324
0060561629,325
006056198X,326
0060562544,327
0060564571,328
006056458X,329
0060566582,330
0060576456,331
0060577231,332
0060580496,333
0060582499,334
0060582553,335
0060584009,336
0060584033,337
0060587059,338
0060589469,339
0060590319,340
0060591781,341
0060591803,342
0060594527,343
0060596503,344
0060598751,345
0060598875,346
0060633875,347
0060652950,348
0060724226,349
0060724242,350
0060731257,351
0060731435,352
0060734574,353
006074068X,354
0060742445,355
0060742887,356
0060753463,357
0060772611,358
0060775858,359
0001713108,360
0007198132,361
0024972002,362
0026309106,363
0030580358,364
0060173343,365
006019653X,366
0060740221,367
0006514006,368
0006550479,369
0030595746,370
0060539097,371
0060577487,372
0060582510,373
0060736682,374
0007114370,375
0030441668,376
0060578416,377
0007231601,378
0060097957,379
0060653019,380
0006388515,381
0060185716,382
0060564075,383
0007115865,384
0007175337,385
0023285192,386
0028741013,387
0029339405,388
0060012811,389
0060191546,390
0060241101,391
0060520752,392
0060529598,393
0060558288,394
0060610638,395
0060753854,396
0060548258,397
0007117019,398
0007163223,399
0060007737,400
0060234113,401
0006281052,402
0024031216,403
0060121246,404
0060182156,405
0060192313,406
006052698X,407
0060559349,408
0060763957,409
0060506083,410
0060628391,411
0060628464,412
006065337X,413
0060670991,414
0060693339,415
0060694424,416
0060086270,417
0060091479,418
006051633X,419
0060520221,420
0060536993,421
0060542098,422
0060542136,423
0060574593,424
0060731230,425
0060734019,426
0060747293,427
0002113570,428
0007230028,429
0007268939,430
0028639588,431
0029077354,432
0029115744,433
0060092572,434
0060507322,435
0060541814,436
006074815X,437
006055469X,438
0060663421,439
0060507837,440
0002315963,441
000616823X,442
0030259517,443
0006473334,444
0060088753,445
0007147295,446
0007257546,447
0060005696,448
0060086602,449
0060512806,450
0060556579,451
0060593083,452
0060733357,453
0060185147,454
0060294671,455
0060294698,456
0023672501,457
0028620135,458
0060577215,459
0060598972,460
0060733810,461
0060748966,462
0060586125,463
0026119307,464
0029197821,465
0060168544,466
0060185481,467
0060560029,468
0060583975,469
0060652381,470
0060737816,471
0060755784,472
0060760028,473
0007179731,474
002863201X,475
0060290323,476
0060294515,477
0060554029,478
0060732679,479
0060755504,480
0020698453,481
002069847X,482
0027828700,483
0028603869,484
0028644190,485
0060012846,486
0060012854,487
0060085959,488
0060162201,489
0060162937,490
0060173726,491
0060188782,492
0060192577,493
0060199865,494
0060242965,495
0060256672,496
0060282282,497
0060507861,498
0060509309,499
0060520612,500
006052913X,501
0060541822,502
0060560843,503
0060628731,504
0060638761,505
0060653620,506
006075141X,507
0060758880,508
0060766867,509
0060007362,510
0060510986,511
0002117088,512
0002726874,513
0006532306,514
0006551688,515
0007217196,516
0007263686,517
0060188804,518
0060194197,519
0060545593,520
006056668X,521
0060634642,522
000647019X,523
0025853503,524
0030207916,525
0060193158,526
0060528370,527
0043000908,528
0060564148,529
0060188790,530
0030062284,531
0060525428,532
0028608135,533
0060191554,534
0060506040,535
0060529148,536
0060544244,537
0060579412,538
0060777044,539
0060196092,540
0002163292,541
0002558718,542
0003273091,543
0006333338,544
0006353282,545
0006371949,546
0006530702,547
0006541844,548
0007113218,549
0007130988,550
0007196628,551
0007291604,552
0007388160,553
0020223447,554
0020291922,555
0020697600,556
0020715609,557
0020725000,558
0020870906,559
002087300X,560
0020897715,561
0024288101,562
0025451707,563
0025604406,564
0026257904,565
0028614518,566
0028620887,567
0028631919,568
0028632613,569
0028659287,570
0029021901,571
0029060400,572
0029314909,573
0029317169,574
0030077656,575
0030198615,576
0030491266,577
0044400802,578
004928049X,579
0050014226,580
0060002506,581
0060007761,582
0060084383,583
0060093749,584
0060100907,585
0060107839,586
0060108134,587
0060126299,588
0060133112,589
0060133619,590
0060133783,591
0060145994,592
0060149841,593
0060152656,594
0060161663,595
0060190396,596
006019247X,597
0060501189,598
0060505915,599
0060514485,600
0060519606,601
0060520590,602
0060540419,603
0060542462,604
0060542977,605
0060545763,606
0060566930,607
0060568542,608
0060599677,609
0060630086,610
0060642327,611
0060646918,612
0060726423,613
0060734906,614
0060736240,615
0060739339,616
0060747625,617
0060748095,618
006075186X,619
0060755350,620
0060758759,621
0060765364,622
0060769661,623
0060776099,624
0060647922,625
0060738871,626
006077777X,627
000215725X,628
0006375219,629
0006552439,630
0007137508,631
0007150431,632
0007162219,633
0007173172,634
0007183062,635
000719319X,636
0007198299,637
0007246722,638
0007255357,639
0007261128,640
0007270968,641
0007271751,642
0007306202,643
0007393563,644
000743880X,645
0060085894,646
0060101539,647
0060510250,648
0060526491,649
0060591676,650
0060617225,651
0060727535,652
0060730552,653
0007171684,654
0060082070,655
0060293152,656
0060392487,657
0060575301,658
0060721936,659
0060082208,660
0060555610,661
0060751002,662
006039319X,663
006052393X,664
0007103328,665
0007130996,666
0007140975,667
0041330277,668
000721278X,669
0060273224,670
0024181900,671
0060584750,672
0060504048,673
0027136701,674
0027348407,675
0027773051,676
0060560150,677
0060596260,678
0060630566,679
0060754753,680
0060761334,681
0020619006,682
002860847X,683
0028610377,684
0028613023,685
002861948X,686
0028619552,687
0028643178,688
0060006897,689
0060006900,690
0060196343,691
0060392886,692
0060393688,693
0060523808,694
0060544228,695
0060554363,696
0060577010,697
0060577053,698
0060608161,699
0001001787,700
0007149042,701
0026045702,702
0060508957,703
0060551496,704
006055150X,705
006073793X,706
0001006657,707
0007302622,708
0060229039,709
0060271639,710
0001018043,711
0007111541,712
0007156200,713
0060083689,714
0060083697,715
0060088052,716
006021516X,717
0060280603,718
000102521X,719
0001857029,720
0006750133,721
0001035649,722
0002005395,723
0002251337,724
000615591X,725
0007137699,726
0007182155,727
000725394X,728
0007269854,729
0007441290,730
0007718667,731
0060002433,732
0060004843,733
0060087412,734
0060088931,735
0060157224,736
0060175699,737
0060193409,738
0060193700,739
0060193905,740
0060195827,741
0060197358,742
0060199393,743
0060246219,744
0060501510,745
0060507403,746
006051390X,747
0060515104,748
0060522577,749
0060522607,750
0060522615,751
0060577665,752
0060590254,753
0060590270,754
0060721790,755
0060735414,756
0060735430,757
0060735457,758
0001053744,759
0007133073,760
0001055178,761
0006548369,762
0020360754,763
0007155182,764
0060090375,765
0060185163,766
0060570091,767
0060585439,768
0060213167,769
0060295295,770
0060541490,771
0060722282,772
0007285973,773
000224053X,774
0006547699,775
0007189885,776
0020209851,777
006001217X,778
0060592885,779
0060734469,780
0060088907,781
006039384X,782
0060561785,783
0060179430,784
0060185252,785
0060194170,786
006019538X,787
0006514219,788
006017143X,789
0060198125,790
0060559144,791
0006145388,792
0006542247,793
0006545467,794
0007154615,795
0007166753,796
0007301545,797
0007306016,798
0060539178,799
0007154623,800
006000892X,801
0060735376,802
0060764902,803
0020192002,804
0020311605,805
003055442X,806
0060008776,807
006001394X,808
0060089261,809
0060171138,810
006018471X,811
006019197X,812
0060192488,813
0060193670,814
0060194804,815
0060194847,816
0060195932,817
0060199733,818
0060394072,819
0060541644,820
0001057146,821
0001057170,822
0001360000,823
0007167059,824
0060096047,825
0060272309,826
0060590297,827
006072613X,828
0007149689,829
0007171331,830
0007228953,831
0007254474,832
0001360779,833
0002116138,834
0002160374,835
0025607707,836
0030425115,837
0030551919,838
0045500452,839
0060551771,840
0060574887,841
0001384155,842
0007286171,843
0007442920,844
0060096942,845
0001501232,846
0002151189,847
0002152134,848
0002153432,849
000219502X,850
0002556847,851
0002728494,852
0006237398,853
0006248365,854
0006357849,855
0006384285,856
0006544894,857
0006863655,858
000710698X,859
0007244363,860
0007322615,861
0007532806,862
0020126204,863
0020311559,864
0020746903,865
0020753209,866
0020854501,867
0023055707,868
002330460X,869
0023395605,870
0023605103,871
0024045306,872
0025005405,873
0025668501,874
002621850X,875
0026378027,876
0027882101,877
0028627423,878
0028628799,879
0028636392,880
0028644913,881
002872240X,882
0028740106,883
0029096308,884
0029164303,885
0029206502,886
0029252407,887
0029290406,888
003013546X,889
0030515661,890
0030603404,891
0030632366,892
0030635519,893
0030700833,894
0041310101,895
0041320115,896
0041920260,897
0042941156,898
0044400497,899
0060011572,900
0060031514,901
0060086513,902
006008667X,903
0060113898,904
0060141417,905
0060159936,906
0060164050,907
006017224X,908
006018793X,909
0060193689,910
0060416157,911
0060419873,912
0060522321,913
006057061X,914
0060578726,915
0060578785,916
0060587202,917
0060600756,918
0060608021,919
0060608110,920
0060608129,921
0060611472,922
0060611723,923
0060613777,924
0060613823,925
0060616296,926
0060626720,927
0060627581,928
0060628405,929
0060628642,930
0060628669,931
0060629177,932
0060629657,933
0060629789,934
0060630620,935
0060635274,936
0060635525,937
0060636718,938
0060637951,939
0060639032,940
0060642823,941
0060649526,942
0060652438,943
0060652969,944
0060653035,945
0060653205,946
0060653418,947
0060653752,948
0060654058,949
0060655186,950
0060655577,951
0060655585,952
0060655798,953
0060660465,954
0060661712,955
0060663626,956
0060663634,957
0060663642,958
0060663723,959
0060664932,960
0060665068,961
0060665602,962
0060666579,963
0060666838,964
0060668393,965
0060669675,966
0060669802,967
0060675071,968
006067542X,969
0060675470,970
0060677821,971
0060688203,972
0060688246,973
0060693495,974
0060696710,975
0060699744,976
0060724277,977
0060728892,978
000161102X,979
0030007380,980
006056069X,981
0001621076,982
0007165048,983
0007221665,984
0007240198,985
000728800X,986
0007395280,987
0007464983,988
0020427859,989
0060560738,990
006057528X,991
0060577398,992
0060758295,993
0001632108,994
0001711237,995
0002005387,996
0002006812,997
0006753981,998
0007177208,999
0007280556,1000
0007331991,1001
000733396X,1002
0007341539,1003
0007364717,1004
0060097914,1005
0060236965,1006
0060243562,1007
0060247517,1008
006028935X,1009
0060542381,1010
0060576022,1011
0060576049,1012
0060594667,1013
0060747153,1014
0060753722,1015
0001711296,1016
0027074900,1017
0027325709,1018
0060168358,1019
000171130X,1020
0002550938,1021
0004709799,1022
0007145489,1023
0030420369,1024
0060092939,1025
0060280735,1026
0060289333,1027
0060298480,1028
0060533021,1029
006059683X,1030
0001711474,1031
0001712772,1032
0003708861,1033
0006178979,1034
0006233376,1035
0006473407,1036
0006493599,1037
0007183488,1038
0007194420,1039
0007229690,1040
0007256892,1041
0007258291,1042
000733933X,1043
0024972606,1044
0025656708,1045
0029258219,1046
0030127068,1047
0030538319,1048
0030718872,1049
0060014008,1050
0060082739,1051
0060139129,1052
0060184973,1053
0060194863,1054
0060197870,1055
0060505273,1056
0060540877,1057
0060548266,1058
0060548274,1059
0060548282,1060
006058095X,1061
0007148976,1062
0026887509,1063
0027545210,1064
0030214416,1065
0060081600,1066
0060091290,1067
0060204729,1068
0060209771,1069
0060248122,1070
0060269383,1071
0060271965,1072
0060286385,1073
0060290536,1074
0060723831,1075
006075995X,1076
0060766328,1077
0030350840,1078
0028602684,1079
0028647319,1080
0028724305,1081
0060167459,1082
0060277653,1083
0060281324,1084
0060298154,1085
0060535547,1086
0060541016,1087
0060210370,1088
0060684127,1089
0060746378,1090
000171287X,1091
0006547265,1092
0027746615,1093
0060735449,1094
002717350X,1095
0060001208,1096
0060227001,1097
0060247983,1098
0060268654,1099
0060511117,1100
0060573821,1101
0060573864,1102
0060573880,1103
006058338X,1104
006058341X,1105
0060745223,1106
0060752416,1107
0060752432,1108
0060099453,1109
0060264306,1110
0060266880,1111
0060518952,1112
0060521228,1113
0060545798,1114
0060563893,1115
0060563907,1116
0060564083,1117
0060581050,1118
0060587296,1119
0060724080,1120
0060737034,1121
0060764945,1122
0007444117,1123
0060548940,1124
0060580674,1125
0007347073,1126
0060207507,1127
006029129X,1128
006053950X,1129
0060566272,1130
0060740752,1131
0025759000,1132
0027381307,1133
0027419819,1134
0029100208,1135
0030202868,1136
0030782104,1137
0060221755,1138
0001714384,1139
0060567104,1140
0001714538,1141
0060574194,1142
0060583444,1143
0027116905,1144
0030214017,1145
0030266408,1146
0060164468,1147
006016770X,1148
0060193484,1149
006019488X,1150
0060204230,1151
0060216239,1152
0060277254,1153
0060279192,1154
0060285362,1155
0060288264,1156
0060291907,1157
0060295864,1158
0060297654,1159
006054063X,1160
006057559X,1161
0060585978,1162
0060592826,1163
0060648767,1164
0060731583,1165
0028740238,1166
0006644074,1167
0006646271,1168
0006646468,1169
0027731006,1170
0027779173,1171
0060092904,1172
0060094613,1173
0060214163,1174
0060223383,1175
006023184X,1176
0060266686,1177
0060294035,1178
0060526335,1179
006052846X,1180
0060564814,1181
006058081X,1182
0060587016,1183
0060588284,1184
0060591269,1185
0060745169,1186
0060776390,1187
0060777540,1188
0001720104,1189
0001982419,1190
0001720317,1191
0007442513,1192
0001837192,1193
0025794108,1194
0001837397,1195
0060278730,1196
0001839225,1197
0027292002,1198
0030210267,1199
0060010126,1200
0060241497,1201
0060282789,1202
0060531827,1203
0060532297,1204
0020452705,1205
0060160101,1206
0001839233,1207
0001847775,1208
0020425759,1209
0020427018,1210
0020427115,1211
0020427212,1212
0020435002,1213
0020437501,1214
0027436292,1215
0027496309,1216
0027861317,1217
0028634500,1218
006000021X,1219
006000052X,1220
0060002255,1221
0060007192,1222
0060007281,1223
0060211334,1224
0060233346,1225
0060255234,1226
0060266988,1227
0060267046,1228
0060271396,1229
006027560X,1230
0060283025,1231
0060283637,1232
0060287977,1233
0060294604,1234
0060298235,1235
0060298898,1236
006050238X,1237
0060515732,1238
0060517840,1239
0060525509,1240
0060527544,1241
0060540192,1242
0060541520,1243
0060557125,1244
0060559934,1245
0060562595,1246
0060563079,1247
0060570806,1248
0060583045,1249
0060591323,1250
0060594330,1251
0060596775,1252
0060598239,1253
0060598484,1254
0060598514,1255
0060736143,1256
0060739126,1257
0060742364,1258
0060752483,1259
0060755075,1260
006075639X,1261
0060757353,1262
0060757361,1263
006076158X,1264
0060774932,1265
0060775734,1266
002536250X,1267
0029257506,1268
0060005777,1269
0060083816,1270
0060192119,1271
0060197455,1272
0060236485,1273
0060245603,1274
0060294620,1275
0060527706,1276
0060541156,1277
0060569662,1278
0060763450,1279
0060736585,1280
0001841777,1281
0007299109,1282
0027457702,1283
0060286172,1284
0060294221,1285
0060518901,1286
0060554541,1287
0060583355,1288
0060730269,1289
0001842501,1290
0002162989,1291
0006388264,1292
0006914438,1293
0007235364,1294
0007296657,1295
0027457605,1296
0046140220,1297
0049160052,1298
0001845357,1299
0002310899,1300
0002318075,1301
0002318652,1302
000616174X,1303
0006162649,1304
0006171044,1305
0006923992,1306
0006924581,1307
0006932045,1308
0007102704,1309
0007114710,1310
0007119267,1311
0007120699,1312
0007155018,1313
0027253708,1314
0027858405,1315
003061368X,1316
0048232491,1317
0060000155,1318
0060006064,1319
0060289597,1320
0060298774,1321
0060298782,1322
0060298790,1323
0060508078,1324
0060523204,1325
0060725133,1326
0060734108,1327
0001847627,1328
0002239833,1329
0006135102,1330
0006475973,1331
000670798X,1332
000671787X,1333
0006734324,1334
0027861708,1335
0041490371,1336
0060261781,1337
0060757388,1338
0060759704,1339
0006341616,1340
0007327692,1341
0060751487,1342
0060762950,1343
0001848062,1344
0002179679,1345
0002179687,1346
0006119107,1347
0020125607,1348
0020294859,1349
0020306652,1350
0020351275,1351
0023397632,1352
0025425404,1353
002542730X,1354
0025518305,1355
0028005945,1356
0028604199,1357
0028608437,1358
0028612922,1359
0028627350,1360
0028642333,1361
0029116023,1362
0030000726,1363
0030149061,1364
0030352401,1365
0030448565,1366
0030605601,1367
0030831776,1368
0060086637,1369
0060090685,1370
0060145161,1371
0060150823,1372
0060156120,1373
0060165936,1374
0060249579,1375
0060265779,1376
0060445009,1377
006046657X,1378
0060505125,1379
0060513381,1380
006052149X,1381
0060542578,1382
006055424X,1383
0060557044,1384
0060560525,1385
0060593938,1386
0060594934,1387
0060724889,1388
0060730374,1389
006073678X,1390
0060737891,1391
0060742518,1392
0060757957,1393
0001850032,1394
0001850164,1395
0002174960,1396
0002246325,1397
0002251205,1398
0004343476,1399
0004489098,1400
0004708512,1401
0006158048,1402
0006161413,1403
0006393195,1404
0006470238,1405
0006476155,1406
000648204X,1407
0006482147,1408
0006482155,1409
0006483933,1410
000649885X,1411
0006499066,1412
0006512666,1413
0006540597,1414
0006550339,1415
0006705286,1416
0006705294,1417
0006754708,1418
0006755216,1419
0006930131,1420
000693014X,1421
0007195524,1422
0007491530,1423
0025069098,1424
0025582151,1425
0027189201,1426
0030615534,1427
0030842417,1428
0047940085,1429
0048240133,1430
0060107278,1431
0060130016,1432
0060130032,1433
0060130067,1434
0060201568,1435
006020169X,1436
0060201789,1437
006026134X,1438
0060469439,1439
0060533994,1440
0060541695,1441
0060541830,1442
0060556528,1443
0060567236,1444
0060572965,1445
0060572973,1446
006057299X,1447
0060575298,1448
0060575611,1449
0060594268,1450
0060723939,1451
0060739096,1452
0060743905,1453
0060746920,1454
0027369161,1455
0060247525,1456
0060097329,1457
0060262915,1458
0001937782,1459
0007215991,1460
0060757345,1461
0001950584,1462
0021463042,1463
0027362701,1464
0027430901,1465
0027897508,1466
0027927105,1467
0060227729,1468
0060247800,1469
0001954032,1470
0001954059,1471
0060286407,1472
0060574879,1473
0001981692,1474
0060089555,1475
0001982796,1476
0007371667,1477
0030149169,1478
0030574544,1479
0060142278,1480
0060391693,1481
0060741600,1482
0001983261,1483
000198327X,1484
0002159317,1485
0001983806,1486
0002216477,1487
000660689X,1488
0006647359,1489
0007214626,1490
0007443277,1491
0060213434,1492
0060220287,1493
0002000105,1494
0007256965,1495
002544011X,1496
0025668706,1497
0025837311,1498
0060179759,1499
0060185511,1500
0060393009,1501
0060393270,1502
0060393971,1503
0060513810,1504
0060515066,1505
0060776838,1506
0002000172,1507
0060084332,1508
0002000202,1509
0006392474,1510
0007154607,1511
0060211725,1512
0002000245,1513
0007105150,1514
0002000601,1515
0060509406,1516
0060560428,1517
0060582294,1518
0060760257,1519
0002000725,1520
0006544150,1521
0007149530,1522
0007247109,1523
0007280807,1524
0025485016,1525
0060011300,1526
0060124113,1527
0060501227,1528
0060545674,1529
0060592273,1530
0060747501,1531
0002000997,1532
0060196483,1533
006054872X,1534
0060740647,1535
0002005239,1536
0002556081,1537
0002557738,1538
0006551386,1539
0007101910,1540
0007181868,1541
0007203624,1542
006000679X,1543
0060012382,1544
0060013168,1545
0060088788,1546
0060094931,1547
0060199512,1548
0060518650,1549
006053916X,1550
0060558881,1551
0060560649,1552
0060563516,1553
0060571993,1554
0060581778,1555
0060742151,1556
006076516X,1557
0002005298,1558
002905477X,1559
0006266363,1560
0006276199,1561
0006276830,1562
0006278531,1563
0006278582,1564
0006393020,1565
000639308X,1566
0006395694,1567
000648560X,1568
0006485618,1569
0006485944,1570
0007116233,1571
0007117930,1572
0007154135,1573
0060285753,1574
0060295317,1575
0060737875,1576
0060733942,1577
0007102011,1578
0027624455,1579
0028621328,1580
0060391626,1581
0060509058,1582
0060589426,1583
0006498418,1584
0006513514,1585
0007506236,1586
0060739479,1587
0060505389,1588
0060764864,1589
0007231989,1590
0060539054,1591
0060564784,1592
0060777060,1593
0060777095,1594
0007152531,1595
000716212X,1596
0007162278,1597
0020088221,1598
0026070510,1599
002863974X,1600
0060005505,1601
0060008032,1602
0060090367,1603
0060090383,1604
0060093609,1605
0060099062,1606
0060145765,1607
0060157399,1608
0060166673,1609
0060192097,1610
0060504072,1611
0060506075,1612
0060509287,1613
006051261X,1614
0060514671,1615
0060517662,1616
0060520507,1617
0060528036,1618
0060529342,1619
0060534621,1620
0060540753,1621
0060555513,1622
0060555653,1623
0060566760,1624
0060572140,1625
0060574534,1626
0060578564,1627
0060587180,1628
0060645881,1629
006074104X,1630
0007333994,1631
0060506512,1632
006050675X,1633
0060506768,1634
0060517573,1635
0006498000,1636
000731504X,1637
0026171805,1638
006008085X,1639
0060187271,1640
000200576X,1641
0002006898,1642
0002007207,1643
000255397X,1644
0006481353,1645
0007156634,1646
0007324839,1647
0060006870,1648
0002005808,1649
0060750863,1650
0002006006,1651
0028644565,1652
0060081902,1653
0060524030,1654
0002006413,1655
0002553988,1656
0005448530,1657
0006380387,1658
0028643828,1659
006066567X,1660
0002006715,1661
0060736593,1662
0060736615,1663
0007288417,1664
0007382227,1665
0060193506,1666
0060195347,1667
0060515503,1668
0060538120,1669
0060560126,1670
0060560363,1671
0060570563,1672
0060596066,1673
0060723912,1674
0060731796,1675
0060735023,1676
0060736054,1677
0060775246,1678
000200724X,1679
000639583X,1680
0007230591,1681
0007449232,1682
0060014091,1683
0060586370,1684
0060771747,1685
0002007649,1686
0060280646,1687
0060393025,1688
0060560878,1689
0060570059,1690
0060581174,1691
0060585374,1692
0060652810,1693
0029117062,1694
0029303605,1695
0060081570,1696
0060535687,1697
0060560894,1698
0060750618,1699
0060761482,1700
0060012781,1701
0060548924,1702
0060548932,1703
0060575018,1704
0007161263,1705
0060755806,1706
000720311X,1707
0007327064,1708
0028642643,1709
0060506725,1710
0060724471,1711
0060738316,1712
0060765402,1713
0027197107,1714
006009026X,1715
0060518499,1716
0060525851,1717
0030509262,1718
0030421365,1719
0060196742,1720
0060571837,1721
0060736038,1722
0060742178,1723
0060765143,1724
0060598808,1725
0060598859,1726
0060737123,1727
0007299540,1728
0007466064,1729
0060726199,1730
0060772913,1731
006056251X,1732
0060751967,1733
0060568437,1734
0060724501,1735
0060559209,1736
0060545690,1737
0007391595,1738
0060506652,1739
0060539844,1740
0060534044,1741
0060588225,1742
0002311216,1743
0006499457,1744
0006499465,1745
0006499503,1746
0006514774,1747
0007121121,1748
0007313527,1749
0060086246,1750
0060520515,1751
0060562080,1752
0060582006,1753
0060731303,1754
0060760443,1755
0020430906,1756
0025718703,1757
002863814X,1758
0060097930,1759
0060188243,1760
0060195568,1761
0060206934,1762
0060502312,1763
0060537973,1764
0060596740,1765
0060112492,1766
0007141785,1767
0007193181,1768
000724794X,1769
0007419457,1770
0060099046,1771
0060290390,1772
0060504196,1773
0060529490,1774
0060532181,1775
0060535199,1776
006053902X,1777
0060539046,1778
0060540931,1779
0060544376,1780
0060562382,1781
0060566515,1782
0060566531,1783
0060570210,1784
0060570733,1785
0060577681,1786
0060578106,1787
0060585633,1788
0060587415,1789
0060593237,1790
006059456X,1791
0060596341,1792
0060598891,1793
0060721588,1794
006072160X,1795
0060723718,1796
0060723807,1797
0060731451,1798
0060731478,1799
0060733985,1800
0060734590,1801
0060735066,1802
0060739967,1803
006074135X,1804
0060746904,1805
0060752521,1806
0060753080,1807
0060758066,1808
0060759836,1809
0060763655,1810
0060765240,1811
0060765380,1812
0060765895,1813
0060765909,1814
0060773669,1815
0007118937,1816
0060080841,1817
0060564512,1818
0060576170,1819
006075155X,1820
0002242052,1821
0006511775,1822
0007189958,1823
0060090073,1824
0060519134,1825
0060564652,1826
0060734000,1827
0007111347,1828
0060545526,1829
0060582472,1830
0060721480,1831
0002254565,1832
0007165021,1833
0007212666,1834
0007230397,1835
000723242X,1836
006008068X,1837
0060099070,1838
006056704X,1839
0060580518,1840
006059537X,1841
0007267622,1842
0060530898,1843
0060576200,1844
0002713624,1845
002862209X,1846
0028637275,1847
0060008725,1848
0060175346,1849
0060188065,1850
0060256532,1851
0060531177,1852
0007245823,1853
0060525118,1854
0060585153,1855
0060739665,1856
0060515597,1857
0002234173,1858
0002314282,1859
0006177379,1860
0006512070,1861
0007148224,1862
0007149654,1863
0007180349,1864
0060005548,1865
0060011912,1866
0060179821,1867
0060198753,1868
0060525045,1869
0060525274,1870
0060528079,1871
0060540893,1872
0060587245,1873
0060083824,1874
0007430590,1875
0060009241,1876
0060014156,1877
0060080817,1878
0060086521,1879
0060294582,1880
006059036X,1881
0002185385,1882
0060000732,1883
0060152508,1884
0060165146,1885
0060607947,1886
0060628227,1887
0060722908,1888
0007340826,1889
0060509120,1890
0060596333,1891
0060502932,1892
0060512741,1893
0060392827,1894
0060534214,1895
0060773324,1896
0007194161,1897
0025595601,1898
0060508248,1899
0060515805,1900
0060778660,1901
0060161922,1902
0060755814,1903
0020281455,1904
0030080037,1905
0060007826,1906
0060505931,1907
0060571187,1908
0060000511,1909
0060096152,1910
0060096160,1911
0060279710,1912
0060294655,1913
0060533013,1914
0060724544,1915
0060724560,1916
0060755865,1917
0060540907,1918
0060557567,1919
0007420765,1920
0060513608,1921
0060534389,1922
0060540478,1923
0060756969,1924
0007190042,1925
0007266499,1926
000741949X,1927
0007447094,1928
0007459173,1929
0007493754,1930
0007546017,1931
0060004428,1932
0060004606,1933
0060004622,1934
0060004746,1935
0060004770,1936
0060005556,1937
006000665X,1938
006000844X,1939
0060011823,1940
0060012765,1941
0060013125,1942
006001377X,1943
0060083247,1944
0060088745,1945
0060096780,1946
0060182989,1947
006019295X,1948
0060195835,1949
0060195959,1950
0060197919,1951
006019877X,1952
0060198788,1953
006039322X,1954
0060393491,1955
0060501200,1956
0060508175,1957
0060508183,1958
0060509422,1959
0060512113,1960
0060514558,1961
0060520833,1962
006052202X,1963
0060525126,1964
0060525134,1965
0060527021,1966
0060527242,1967
0060530375,1968
0060530383,1969
0060530413,1970
0060530421,1971
0060530499,1972
0060533412,1973
0060537329,1974
0060539070,1975
0060539755,1976
0060540974,1977
0060541040,1978
0060544260,1979
0060544341,1980
0060544368,1981
006054581X,1982
0060555254,1983
0060555599,1984
0060556943,1985
0060558008,1986
0060558199,1987
0060558296,1988
0060560851,1989
006056105X,1990
0060561432,1991
0060562366,1992
0060562978,1993
006056346X,1994
0060563478,1995
0060563486,1996
0060563729,1997
0060565284,1998
0060565527,1999
0060565551,2000
0060566698,2001
0060568755,2002
0060570199,2003
0060572116,2004
0060585528,2005
0060585617,2006
006058565X,2007
0060590114,2008
0060590130,2009
0060594810,2010
0060596708,2011
0060597615,2012
0060723998,2013
0060724013,2014
006072403X,2015
0060724048,2016
0060724145,2017
0060724412,2018
0060724633,2019
0060726180,2020
0060726652,2021
0060726946,2022
0060732482,2023
0060741309,2024
0060742917,2025
0060747536,2026
0060747579,2027
0060748389,2028
0060758724,2029
006075981X,2030
0060760419,2031
0060762098,2032
0060762144,2033
0060763418,2034
0060765887,2035
0060765925,2036
0060766123,2037
0060777109,2038
0060777745,2039
0007118899,2040
006018860X,2041
0060763442,2042
0028634691,2043
000712614X,2044
0060291702,2045
0060520132,2046
0060761350,2047
0020464606,2048
0025002813,2049
002500574X,2050
006019328X,2051
0060742755,2052
0006470181,2053
0060183713,2054
0060194324,2055
0060505885,2056
0060559632,2057
0060560770,2058
0060006641,2059
0060692693,2060
000651412X,2061
0007486774,2062
0020236107,2063
0020425651,2064
006017613X,2065
0060184957,2066
0060185287,2067
0060186526,2068
0060212411,2069
0060393203,2070
0060536683,2071
0060554894,2072
0060598786,2073
0060611456,2074
0060652071,2075
0060733071,2076
0060505222,2077
0060556935,2078
0060760184,2079
0007229682,2080
0027109917,2081
0060295619,2082
0060522976,2083
0002219417,2084
0060163836,2085
0060171405,2086
0060197242,2087
0060514922,2088
0060763264,2089
0060583991,2090
0060741252,2091
0060758929,2092
0060597704,2093
0060734558,2094
0007367759,2095
0028639448,2096
0060083972,2097
0060502959,2098
0060758651,2099
0025518259,2100
0029059801,2101
0060157763,2102
0060175508,2103
006052510X,2104
0060539232,2105
0060566116,2106
0029197619,2107
0060193328,2108
0060562560,2109
0060760958,2110
0007446977,2111
0030553180,2112
0007236360,2113
0030707315,2114
0060094761,2115
0060288124,2116
0060571667,2117
0060571683,2118
0026051400,2119
0060096195,2120
0060193247,2121
0060562498,2122
0060732067,2123
0060594594,2124
0060732806,2125
0030459613,2126
0006499708,2127
0007204396,2128
0020383142,2129
0028615115,2130
006000455X,2131
0060009268,2132
0060083298,2133
0060088796,2134
0060093560,2135
0060096675,2136
0060096691,2137
0060192755,2138
0060393211,2139
0060559136,2140
0060560118,2141
0060721510,2142
0060725540,2143
0060727217,2144
0060747463,2145
006074748X,2146
0060755342,2147
0060762047,2148
0060773170,2149
0006135129,2150
0006158056,2151
0060002484,2152
0060509546,2153
0060513934,2154
0028643534,2155
0060080949,2156
0060084081,2157
0060735422,2158
0060183454,2159
0060598824,2160
0060740124,2161
0060753633,2162
0060532149,2163
0060193638,2164
0060554118,2165
0060564679,2166
0060752017,2167
0028627113,2168
0060556595,2169
0060730897,2170
0060670207,2171
0006392202,2172
0060009225,2173
0060081961,2174
006009527X,2175
0060726571,2176
0020189257,2177
006053821X,2178
006053110X,2179
0006481140,2180
0060514477,2181
0006393659,2182
0007425201,2183
0060092742,2184
0060097477,2185
0060185414,2186
0060197722,2187
0060291559,2188
0060541873,2189
0060577207,2190
006052703X,2191
0060723521,2192
0060778512,2193
0007622880,2194
0006177484,2195
0007142528,2196
0060525096,2197
0060677015,2198
0007242638,2199
0007423632,2200
0060287802,2201
0060573910,2202
0060738979,2203
0007163541,2204
0028615557,2205
0060736631,2206
0060539186,2207
0002552574,2208
0027546314,2209
006010483X,2210
006018566X,2211
0060269049,2212
0060538260,2213
0060598964,2214
0060722304,2215
0060751584,2216
0060760117,2217
0060761563,2218
0060196823,2219
0060762519,2220
006076287X,2221
0060502479,2222
0060518316,2223
0060777176,2224
0060763124,2225
0060567031,2226
0007281951,2227
0060103132,2228
0007199058,2229
0060274891,2230
0060764961,2231
0028640004,2232
0060174056,2233
0002222671,2234
0020425716,2235
006055584X,2236
0060568984,2237
0060599804,2238
0060690623,2239
0060519517,2240
0060519541,2241
0060506687,2242
0060755474,2243
0002551519,2244
0006140823,2245
0007271166,2246
0060083999,2247
0060526122,2248
006055665X,2249
0006514359,2250
0007225520,2251
0020820445,2252
0049470256,2253
0060175273,2254
006051079X,2255
006051258X,2256
0060524464,2257
0060542276,2258
0060565276,2259
0060594624,2260
0060760176,2261
006018406X,2262
0060540745,2263
000664502X,2264
0027436284,2265
0060005521,2266
0060094117,2267
0060096128,2268
0060099100,2269
0060186550,2270
0060194332,2271
0060197943,2272
0060198761,2273
0060235527,2274
0060276584,2275
0060278234,2276
0060278625,2277
0060287659,2278
0060505745,2279
0060508299,2280
0060511869,2281
0060515260,2282
0060535342,2283
0060539321,2284
006054404X,2285
0060560983,2286
0060573562,2287
0060598735,2288
0060598840,2289
0060599294,2290
0060663553,2291
0060746769,2292
0060753218,2293
0060757744,2294
0060759658,2295
0060759690,2296
0060766204,2297
0007724713,2298
0002727463,2299
0060586311,2300
0060761296,2301
0006499317,2302
0007430671,2303
0060160667,2304
0060756659,2305
0028633792,2306
0028712218,2307
002872951X,2308
0029099110,2309
0060504285,2310
006052815X,2311
0060744804,2312
0060753676,2313
0030623286,2314
0007166427,2315
0028604318,2316
0060172681,2317
0060264950,2318
0006478840,2319
0007289103,2320
0007223749,2321
0007226519,2322
0029227968,2323
0060542411,2324
0060541431,2325
000617499X,2326
0006175015,2327
0007371462,2328
0030108063,2329
0060509325,2330
0060511109,2331
0060511508,2332
0060513659,2333
0060523387,2334
006054175X,2335
0060560797,2336
0060565446,2337
0060591102,2338
0060593636,2339
0060755911,2340
0007523580,2341
0028631447,2342
0060527307,2343
0060567058,2344
0060571225,2345
0060723890,2346
0060277467,2347
0060007672,2348
0060094893,2349
0060085460,2350
0060744057,2351
0060164662,2352
0060514574,2353
0060526556,2354
0060595833,2355
0060610352,2356
0060728922,2357
0060082194,2358
0006485871,2359
0044402449,2360
006018518X,2361
0007455755,2362
0060199695,2363
0060107790,2364
0020315910,2365
0020098014,2366
0025022512,2367
0060081988,2368
0060192704,2369
0060570156,2370
0028639545,2371
0060633158,2372
0060087390,2373
0007179642,2374
0026300907,2375
0060587237,2376
0060728884,2377
0007206976,2378
0060508876,2379
0002621509,2380
0020449313,2381
0060502452,2382
0060514094,2383
0060760907,2384
0060774819,2385
0007296878,2386
0007300727,2387
0007311907,2388
0060747595,2389
0007134282,2390
0006499945,2391
0007101880,2392
0060006293,2393
0060006331,2394
0060006358,2395
0060097981,2396
0060511885,2397
0060520124,2398
0060535148,2399
0060535172,2400
0060566485,2401
0060575271,2402
0060645814,2403
006072708X,2404
006075088X,2405
0060515430,2406
0060559802,2407
0060751649,2408
0060519592,2409
0060724676,2410
0060725117,2411
0060725125,2412
0060725141,2413
0060085444,2414
0060579080,2415
0060739592,2416
0060744545,2417
006074457X,2418
0060766247,2419
0025650106,2420
0060182520,2421
0060505281,2422
0060736658,2423
006009334X,2424
0007102658,2425
0028604202,2426
0060012617,2427
0060267984,2428
0060277475,2429
0060571314,2430
0060747439,2431
0060754338,2432
0007281048,2433
0060760478,2434
0060587458,2435
0060094443,2436
0060501405,2437
0006479677,2438
0060087447,2439
0060183462,2440
0060634472,2441
0028638816,2442
0060589345,2443
0060574747,2444
0060594772,2445
0030574862,2446
0007828780,2447
0060596996,2448
0060198508,2449
0006547133,2450
0006860125,2451
006052085X,2452
0060593776,2453
0007446306,2454
0006472648,2455
0006479286,2456
0006497802,2457
0007174268,2458
0007280777,2459
0028623851,2460
0030059682,2461
0060091436,2462
0060734191,2463
0060735082,2464
0060758287,2465
0060186275,2466
0007173520,2467
0007226497,2468
0007413629,2469
0007548532,2470
0027353753,2471
0060542543,2472
0007367880,2473
006057786X,2474
0007148089,2475
0007156618,2476
006039014X,2477
0060513837,2478
0060528486,2479
006052992X,2480
0060731370,2481
0060745339,2482
0006514642,2483
0007170580,2484
0060007834,2485
006008894X,2486
0060182938,2487
0060276045,2488
006050255X,2489
0060530340,2490
006053172X,2491
0060534605,2492
0060560614,2493
0060578769,2494
0060596325,2495
0060766859,2496
0028705521,2497
0060763914,2498
0060013974,2499
0060081635,2500
0060081651,2501
0060088605,2502
0060096209,2503
0060270691,2504
0060507845,2505
0060528443,2506
0060563389,2507
0060726458,2508
0060765585,2509
0060739681,2510
0060733748,2511
0060097922,2512
0060761679,2513
0060185406,2514
0060583010,2515
006076015X,2516
0060520868,2517
0060535458,2518
0060192089,2519
0025838504,2520
0060581840,2521
0060581859,2522
0060522275,2523
0060740434,2524
0002552175,2525
0060562773,2526
0060563699,2527
006065581X,2528
0060287209,2529
0060554789,2530
0007183518,2531
0027436225,2532
0060726784,2533
0028637895,2534
0060504137,2535
0060599251,2536
0060723947,2537
0060531126,2538
0060578114,2539
0060578122,2540
0007217110,2541
0060172185,2542
0060137029,2543
0060505869,2544
0060535970,2545
0028055926,2546
0060157119,2547
0007143346,2548
0060734167,2549
0060092130,2550
0060502797,2551
0060555831,2552
0060565411,2553
0060186372,2554
0060525460,2555
0060544074,2556
0060560754,2557
0060564598,2558
0060585471,2559
0060587873,2560
006072563X,2561
0060734175,2562
0060747730,2563
006075950X,2564
0060742844,2565
0060773340,2566
0007454767,2567
0028637925,2568
0028810120,2569
0029263875,2570
0060508221,2571
0060568062,2572
0060589221,2573
0027003914,2574
006000150X,2575
0060125403,2576
0060535962,2577
0060586109,2578
0060726083,2579
0002156849,2580
0060153490,2581
0060514906,2582
0007436629,2583
0027004023,2584
0060548827,2585
006056380X,2586
0007442890,2587
0020298951,2588
0060721847,2589
0060192615,2590
0028620585,2591
0028633504,2592
0060093633,2593
0060173149,2594
0060184698,2595
0060194383,2596
006019796X,2597
0060199296,2598
0060199520,2599
0060199539,2600
006019989X,2601
0060539860,2602
0060604522,2603
0060740914,2604
0007256817,2605
0060014016,2606
0060087358,2607
0060511176,2608
0060187662,2609
0060521872,2610
006058629X,2611
000727405X,2612
0060506695,2613
0060085592,2614
0060521511,2615
0060759852,2616
0060505575,2617
0002221373,2618
0002313030,2619
0006498604,2620
0020184700,2621
0060525231,2622
0060528060,2623
0060528095,2624
0060534397,2625
006017188X,2626
0060562404,2627
0060190434,2628
006001203X,2629
0060085495,2630
0060199369,2631
0007107668,2632
0007169639,2633
0020421303,2634
0023797517,2635
0025202529,2636
0060157461,2637
0060165693,2638
0060188650,2639
0060194375,2640
0060195797,2641
0060239204,2642
0060283653,2643
0060505591,2644
0060509589,2645
0060524073,2646
0060567643,2647
0060741449,2648
0060641797,2649
0060663332,2650
0060663367,2651
0060753420,2652
0007164785,2653
006058937X,2654
0060763035,2655
0060539836,2656
0060086386,2657
0007298498,2658
0060520108,2659
0060758171,2660
0060186305,2661
0060188952,2662
0060191872,2663
0060543310,2664
0060555459,2665
0060723866,2666
006008118X,2667
0060175680,2668
0028616308,2669
0060168196,2670
0060187115,2671
0060192216,2672
0060224320,2673
0060731648,2674
0060778474,2675
0060600373,2676
0060617519,2677
0060633999,2678
0060641665,2679
0060655488,2680
0060657499,2681
0060754737,2682
0060776846,2683
0060092165,2684
0060548215,2685
0060197285,2686
0060565578,2687
0060595361,2688
0060525266,2689
0060581069,2690
0060581085,2691
0060507276,2692
000639325X,2693
0060531088,2694
0002251043,2695
0060084340,2696
0060565543,2697
0002157330,2698
0007419449,2699
0060008385,2700
0060111100,2701
006055908X,2702
0002008211,2703
0007489447,2704
0002008572,2705
006073535X,2706
0020165811,2707
0060168978,2708
0020316607,2709
0030585015,2710
0049440098,2711
0060142782,2712
0005002311,2713
006066522X,2714
0060599464,2715
0002239221,2716
0006733271,2717
0028627393,2718
0028639197,2719
0028641418,2720
0060536713,2721
0002222590,2722
0002226901,2723
000612609X,2724
0006128513,2725
0020223412,2726
0060084065,2727
006008409X,2728
0060085630,2729
0060089539,2730
0060103590,2731
0060390077,2732
0060538201,2733
0060598611,2734
0030317169,2735
0060392991,2736
0060653191,2737
0060082216,2738
0060084022,2739
0029351707,2740
0060512229,2741
0060652691,2742
0060006587,2743
0006160883,2744
0060526769,2745
0060757647,2746
0060194367,2747
0060559284,2748
0060732075,2749
0060173963,2750
0029214815,2751
0029345707,2752
0060106425,2753
0060438355,2754
0060523786,2755
0060618760,2756
0060647965,2757
0060648341,2758
0060648805,2759
0060660430,2760
0028629450,2761
0028646851,2762
0060167068,2763
0060670215,2764
0060736798,2765
0006382568,2766
0020223404,2767
0025536605,2768
0060159456,2769
0060162562,2770
0060611413,2771
0060631120,2772
006063880X,2773
0060653183,2774
0060685115,2775
0060766905,2776
0060586540,2777
0028811135,2778
0007190611,2779
002345640X,2780
0060082712,2781
0060088915,2782
006019040X,2783
0060609583,2784
0060673001,2785
0060692634,2786
0007204078,2787
0060750588,2788
0060759747,2789
0007137516,2790
0028810252,2791
0060175702,2792
0060621796,2793
0060750561,2794
0060559292,2795
0028614453,2796
0060087781,2797
0060504110,2798
0060521600,2799
0060542128,2800
0060573651,2801
0060085487,2802
0025032003,2803
0060727632,2804
0060727640,2805
0060734116,2806
0002229781,2807
0002231026,2808
000255934X,2809
0006479758,2810
000653113X,2811
0007223722,2812
0025174215,2813
0028623460,2814
0029259657,2815
0030604141,2816
0060159723,2817
0060167041,2818
0060167599,2819
0060176350,2820
006017742X,2821
0060183349,2822
006018373X,2823
0060197617,2824
0060391189,2825
0060393319,2826
0025063405,2827
0030646847,2828
0060014164,2829
0060131241,2830
0060135263,2831
006050742X,2832
000274094X,2833
002744130X,2834
0060261609,2835
0060284730,2836
002914180X,2837
0060145889,2838
0007175299,2839
0007274572,2840
0060013486,2841
0007244576,2842
0060089598,2843
0060512202,2844
006074281X,2845
0002202085,2846
000655069X,2847
0006552358,2848
0007110642,2849
0007114494,2850
0007116772,2851
0007120257,2852
0007155417,2853
000717604X,2854
0007181639,2855
0007193521,2856
0007199082,2857
0007207603,2858
0007279043,2859
0007322429,2860
0020446519,2861
0028619471,2862
0028626192,2863
0028629418,2864
0028629493,2865
002863943X,2866
0028639456,2867
0028641442,2868
0028641701,2869
0028643518,2870
0028643658,2871
0028644328,2872
0028647394,2873
0028647432,2874
0028653335,2875
0028653491,2876
0029146402,2877
0046210245,2878
0060004401,2879
0060013508,2880
0060082879,2881
0060088621,2882
0060096578,2883
006009785X,2884
0060099240,2885
0060162961,2886
0060185562,2887
0060192852,2888
0060195290,2889
0060215186,2890
0060281162,2891
0060285702,2892
0060287756,2893
006028823X,2894
0060288868,2895
006028997X,2896
0060504161,2897
0060508671,2898
0060510293,2899
006051583X,2900
006052250X,2901
0060522585,2902
0060524235,2903
0060526300,2904
0060536624,2905
0060537183,2906
0060539917,2907
006054144X,2908
0060542667,2909
0060555629,2910
0060562021,2911
0060562447,2912
0060564830,2913
0060565322,2914
0060573082,2915
0060577150,2916
0060580593,2917
0060581239,2918
0060582677,2919
0060586141,2920
0060589086,2921
0060593784,2922
0060594756,2923
0060637935,2924
0060723955,2925
0060726806,2926
0060730676,2927
0060734051,2928
0060737808,2929
0060737964,2930
0060740566,2931
006075401X,2932
0060758643,2933
0060758678,2934
0060760087,2935
0060766832,2936
0060776757,2937
0060008873,2938
0060197676,2939
0060524421,2940
0007244355,2941
0060177179,2942
006076208X,2943
0007147201,2944
0060009772,2945
0060762152,2946
0004708237,2947
0028642082,2948
0060167181,2949
0060593628,2950
0060608145,2951
0060675365,2952
0007431201,2953
000255898X,2954
0024041513,2955
0029030129,2956
0029212871,2957
003091356X,2958
0045100608,2959
0060119713,2960
0060457414,2961
0060517123,2962
0060165073,2963
0060191384,2964
0060668903,2965
0060695323,2966
0028728513,2967
006019474X,2968
0060567511,2969
0060621583,2970
0060745665,2971
0060776544,2972
0029177766,2973
0060199032,2974
0007519532,2975
0028639871,2976
0060278420,2977
0060011106,2978
0025107747,2979
0060006765,2980
0060152001,2981
0060165839,2982
0060166290,2983
0060566175,2984
0060740248,2985
0025236601,2986
0007513577,2987
0002110210,2988
0060628529,2989
0020054009,2990
0023191805,2991
002520260X,2992
0029295106,2993
0030646553,2994
0030828392,2995
0060127880,2996
0060159480,2997
0060164549,2998
0060198494,2999
0060534249,3000
0002111306,3001
0060166517,3002
0002550326,3003
006018261X,3004
0060198281,3005
0060525347,3006
0060734922,3007
0002111616,3008
0030083710,3009
0060173629,3010
0060506539,3011
0060566922,3012
0060580941,3013
0002111713,3014
0002117886,3015
0006863353,3016
0028810082,3017
0029010802,3018
0029089263,3019
0029134714,3020
0029165717,3021
0030403065,3022
0030437318,3023
0030865727,3024
0060090588,3025
0060097833,3026
0060101903,3027
0060113014,3028
0060142618,3029
006038025X,3030
0060549416,3031
0060561106,3032
0002112388,3033
0020136609,3034
0029494508,3035
0060596368,3036
0060505346,3037
0026217457,3038
0060196491,3039
0060197315,3040
0060530111,3041
0060542217,3042
0060674407,3043
0026138808,3044
0060746734,3045
0060594187,3046
0060008903,3047
0060014318,3048
006029809X,3049
0002553449,3050
0020768702,3051
0023611405,3052
0025134701,3053
0028621441,3054
0028624521,3055
0029016908,3056
0029305403,3057
003050340X,3058
0030684250,3059
0030854857,3060
0060009357,3061
0060175834,3062
0060452153,3063
0060465867,3064
0060540427,3065
0060740469,3066
0060764694,3067
0002114038,3068
0006716717,3069
0027083314,3070
0028649257,3071
0002114186,3072
0004356470,3073
0005991978,3074
000626106X,3075
0006278418,3076
0006490522,3077
0007156642,3078
0025335200,3079
0060501782,3080
0060576529,3081
0060607661,3082
0060649119,3083
0060653728,3084
0060656034,3085
0060724293,3086
0002114453,3087
0029250951,3088
0002114674,3089
0060141239,3090
000211495X,3091
0060545542,3092
0002115352,3093
0020230001,3094
0060138289,3095
0060160047,3096
0060296070,3097
0060296097,3098
0060760044,3099
0020331053,3100
0038532182,3101
0002115581,3102
0025483404,3103
0060191449,3104
0060459123,3105
000211562X,3106
0007113633,3107
0028810481,3108
0029106818,3109
0060153180,3110
0002116499,3111
0060611626,3112
0002117053,3113
000730045X,3114
0026128101,3115
0025882201,3116
0026154900,3117
0026155001,3118
0060124369,3119
0060126566,3120
0060390417,3121
0060524391,3122
0029015103,3123
0029018625,3124
0060557869,3125
0002250616,3126
0060163119,3127
0060172940,3128
0020343906,3129
0006862306,3130
0042990106,3131
0060774088,3132
0002117177,3133
0060092971,3134
0060250771,3135
0060527048,3136
0060527056,3137
0060527420,3138
0060529474,3139
0060543132,3140
0060564474,3141
0060597291,3142
0002117274,3143
0006388671,3144
0007100108,3145
0007105363,3146
000716307X,3147
006000925X,3148
0060185430,3149
0002119366,3150
0002221020,3151
0002226049,3152
0002235013,3153
0004488172,3154
0006162592,3155
0007141750,3156
0007256728,3157
006018891X,3158
0002150514,3159
000649692X,3160
0060524103,3161
0002152975,3162
0060013249,3163
0002154129,3164
0007114222,3165
0028622359,3166
0060545828,3167
000215949X,3168
0002551543,3169
0060648082,3170
0060739282,3171
0002251965,3172
0002154463,3173
0002553732,3174
0028623320,3175
0060153105,3176
0060171030,3177
0002250535,3178
0002553708,3179
0007118449,3180
0029273722,3181
0060002107,3182
0060193220,3183
0060193654,3184
0060523891,3185
0060558709,3186
006056041X,3187
0060742860,3188
002044995X,3189
0029160014,3190
0060594063,3191
0060754036,3192
0002155133,3193
006066021X,3194
0060682299,3195
0060686324,3196
000215644X,3197
0006266843,3198
0006343171,3199
0002156660,3200
0002711109,3201
0002719053,3202
0023675004,3203
0030442214,3204
0060521821,3205
0002254816,3206
0006352022,3207
0006382495,3208
0006479359,3209
0006499031,3210
0006514286,3211
0006544584,3212
0006544754,3213
0006551912,3214
000655198X,3215
0007122993,3216
0007291183,3217
0060184884,3218
0060186879,3219
0060187360,3220
0060188235,3221
0060392002,3222
0060540583,3223
0060736720,3224
0060751525,3225
0060011343,3226
0007491433,3227
0007360770,3228
0060532246,3229
0006128149,3230
0006129226,3231
0006130801,3232
0006131247,3233
0006131255,3234
0006132480,3235
0006132499,3236
0006136230,3237
0006136966,3238
0006137008,3239
0006139264,3240
0006140904,3241
0006149006,3242
0006154042,3243
000615641X,3244
000616157X,3245
0006165109,3246
000616563X,3247
0006165753,3248
0006166121,3249
0006168264,3250
0006169333,3251
0006178235,3252
000649319X,3253
0006512828,3254
0006743730,3255
0007182805,3256
0020185103,3257
0020186509,3258
0020187106,3259
0020188005,3260
0020188307,3261
0028614461,3262
0044401566,3263
0060012358,3264
006010628X,3265
0060156341,3266
0060191465,3267
006023086X,3268
0060597208,3269
0028635086,3270
0028636732,3271
006016364X,3272
0060506032,3273
0060563435,3274
0060697075,3275
0060512180,3276
0007098812,3277
0029190207,3278
0060394358,3279
006000567X,3280
0060557672,3281
0002572168,3282
0025729853,3283
0060153318,3284
0060595264,3285
0002157292,3286
0002159511,3287
0060267887,3288
0002157470,3289
0007233094,3290
0060195185,3291
0002157977,3292
0029187303,3293
0060608528,3294
0060730862,3295
0002158442,3296
0026998106,3297
0029087600,3298
0060505826,3299
0060556110,3300
0060580976,3301
000215854X,3302
0060580305,3303
000215921X,3304
0060173688,3305
0060555971,3306
0002550296,3307
0002159449,3308
0002555875,3309
0006552242,3310
0030845351,3311
0007179286,3312
0007198760,3313
0060192224,3314
0002160560,3315
0004342836,3316
0002160587,3317
0002251213,3318
0026203707,3319
0060112972,3320
0060112980,3321
0060171219,3322
0060693452,3323
0002161621,3324
000216194X,3325
0002570033,3326
0006552129,3327
0060562722,3328
0060156406,3329
0002166070,3330
0002166992,3331
0006320686,3332
0029976707,3333
0030316898,3334
0049400622,3335
0060162570,3336
0002166453,3337
0028726251,3338
0028810864,3339
0060165200,3340
0060198532,3341
0060733144,3342
000216843X,3343
0004140052,3344
0006357075,3345
0007443331,3346
0007461763,3347
0007532830,3348
0020248504,3349
0025844318,3350
0025955004,3351
0028627229,3352
0028629426,3353
0028642279,3354
0060125624,3355
0060161744,3356
006016400X,3357
0060164786,3358
0060169095,3359
006017062X,3360
006018275X,3361
0060392088,3362
0060522755,3363
0060538112,3364
0060740922,3365
0060753382,3366
0002175312,3367
0002219360,3368
000612321X,3369
0060509066,3370
0002176173,3371
0002556219,3372
0004990218,3373
0006545777,3374
0007161778,3375
0007367929,3376
0060116382,3377
0002176203,3378
0006281605,3379
003004068X,3380
0060139986,3381
0060171170,3382
0060193174,3383
0060582618,3384
0002177293,3385
0029161800,3386
0060135913,3387
000217734X,3388
0028703243,3389
0060543116,3390
0002177803,3391
0002177862,3392
0025752006,3393
000217796X,3394
0006331750,3395
0007202474,3396
0007246498,3397
0030056039,3398
0060137770,3399
0060204044,3400
0060265299,3401
0002178559,3402
0002555719,3403
0002556642,3404
0002713241,3405
0002725142,3406
0006514251,3407
0006548377,3408
000655010X,3409
0007138024,3410
0049210238,3411
0060501049,3412
0060523913,3413
0060594780,3414
006062339X,3415
0060730579,3416
006073664X,3417
0028475003,3418
0006375863,3419
0006388256,3420
0007243677,3421
0060731265,3422
000217863X,3423
0007261985,3424
0002179415,3425
0006547745,3426
0002179741,3427
0060192585,3428
0002179911,3429
0002555972,3430
000633833X,3431
0028644069,3432
0029149703,3433
0030429900,3434
0060128291,3435
0060175354,3436
006019524X,3437
006055973X,3438
0025552104,3439
0025849301,3440
0028625803,3441
0028643798,3442
0060140275,3443
0060172983,3444
0060521899,3445
0060598689,3446
0025275003,3447
0060124121,3448
0060575557,3449
0060140879,3450
0060186259,3451
0002181193,3452
0007176872,3453
0026124157,3454
0026290618,3455
0028608208,3456
0028608461,3457
0029046564,3458
0060521546,3459
0060537299,3460
0060392932,3461
0006173586,3462
0060103248,3463
0060570695,3464
0060168323,3465
0060590033,3466
0007331681,3467
0028628160,3468
0028635442,3469
0030237874,3470
0060283181,3471
0002187035,3472
0002189615,3473
0002190699,3474
000219080X,3475
0002614154,3476
0006170110,3477
0006172466,3478
0006704727,3479
0006900976,3480
0007122039,3481
0007126522,3482
0007156944,3483
0007216599,3484
0007359195,3485
0007478925,3486
0007823983,3487
0021253609,3488
0026894165,3489
0060184817,3490
0060505680,3491
0060538996,3492
0060559527,3493
0060762349,3494
0060762365,3495
0002191369,3496
0002197790,3497
0002198940,3498
0002199173,3499
0002199645,3500
0002199815,3501
0004588029,3502
0006380433,3503
0006552021,3504
0007136102,3505
0007190360,3506
0007298951,3507
002411510X,3508
0030453763,3509
0030592186,3510
006018731X,3511
0002192047,3512
0028612566,3513
0060162228,3514
0002192101,3515
0007287380,3516
0002193787,3517
0007145160,3518
0007315120,3519
0020715501,3520
0060173521,3521
0060184701,3522
006052278X,3523
006058047X,3524
006076001X,3525
0002200643,3526
002802253X,3527
0028534107,3528
0028636619,3529
0028641981,3530
0028643771,3531
0028644719,3532
0029050707,3533
002907052X,3534
0030576385,3535
0049130080,3536
0060196149,3537
0060575786,3538
0002202158,3539
0002210495,3540
0006172504,3541
0002210967,3542
0002228645,3543
0006117171,3544
006018535X,3545
0060585684,3546
006063040X,3547
000611718X,3548
0006135064,3549
0006496911,3550
0025068407,3551
0002211467,3552
0002222450,3553
0060099003,3554
0060511052,3555
0060565071,3556
0060568488,3557
0060574615,3558
0060739045,3559
0060739088,3560
